tree
version=v4
num_class=1
num_tree_per_iteration=1
label_index=0
max_feature_idx=45
objective=binary sigmoid:1
feature_names=place_encoded track_type dist dist_category condition_encoded weather_encoded class_grade field_size rank_last rank_rolling_3 rank_rolling_5 show_rate_last_5 last_3f_rolling_3 time_diff_rolling_3 weight_horse weight_change race_span_days prize_cumsum label_momentum dist_change venue_change class_change blinker_first win_rate_last_3m show_rate_last_3m last_3f_rank_rolling_3 corner4_rank_last pci_last jockey_encoded jockey_show_rate jockey_win_rate jockey_race_count jockey_lcb95 father_encoded sire_show_rate sire_lcb95 sire_show_rate_turf sire_show_rate_dirt weight_zscore age_relative basis_weight_zscore prize_zscore last_3f_relative horse_num waku_num age
feature_infos=-1:7:1:2:9:0:5:4:8:6:3 -1:2:1:5 [1000:4260] -1:1:2:0:3:4 -1:0:1:2:3 -1:2:3:4:0:5 [0:5] [5:18] [1:18] [0.5:18] [0.5:18] [0:1] [12.949999999999999:66.599999999999994] [-2.6000000000000001:71] [340:636] [-70:60] [0:1359] [0:130820] [-18:18] [-2700:2730] [0:1] [-188:188] [0:1] [0:1] [0:1] [0:18] [0:18] [0:99.900000000000006] -1:215:295:152:291:131:216:149:146:168:320:173:302:698:309:126:372:47:296:352:188:373:362:183:403:354:365:194:370:286:140:314:261:393:306:369:399:120:292:392:368:379:881:738:404:311:303:307:166:394:308:834:707:401:157:144:421:431:195:402:217:405:205:434:281:163:192:339:407:127:270:376:386:182:159:328:169:417:201:283:326:427:5:439:395:447:440:98:412:448:288:315:25:361:338:209:385:197:451:438:156:435:718:396:96:336:441:381:445:391:456:415:389:198:437:63:213:418:10:112:446:423:457:164:430:340:455:429:200:411:210:186:287:122:378:199:424:94:433:29:71:191:285:538:280:212:202:419:327:346:331:160:189:410:343:323:420:184:428:229:443:185:453:426:351:53:461:465:175:181:297:432:180:174:450:208:444:158:458:364:109:313:408:332:279:282:400:193:211:459:64:462:17:278:442:416:312:357:206:132:348:463:172:325:20:329:454:178:464:142:344:190:345:300:349:390:476:831:177:474:334:317:203:469:350:151:460:380:923:78:406:290:111:382:179:363:324:133:470:161:310:222:583:377:304:322:409:966:330:358:75:468:119:374:305:356:121:397:124:148:366:165:187:143:318:342:588:240:355:436:383:485:1018:83:136:176:284:294:612:135:23:299:353:388:114:375:360:130:4:80:8:247:335:117:321:207:167:467:371:477:482:911:139:204:861:118:964:414:196:145:449:359:481:264:384:31:1072:38:123:333:125:129:479:100:110:478:422:483:667:319:763:214:128:289:1002:0:79:472:293:105:632:82:101:116:387:1010:519:766:153:162:830:694:797:99:134:84:988:1106:1:97:712:968:18:398:50:591:1024:150:586:991:39:113:941:65:466:473:754:1105:15:107:484:1063:67:965:997:899:74:171:471:657:298:725:794:115:1021:66:262:1020:12:68:413:550:1025:781:32:93:475:837:1004:106:147:493:1022:26:251:301:91:103:491:658:872:9:141:891:624:823:73:316:337 [0:0.58666666666666667] [0:0.33333333333333331] [0:23187] [0:0.55115816519789851] -1:1848:2186:1660:1691:2148:2375:2490:2481:2129:1801:1916:2621:1978:2321:1764:2061:1932:2006:1414:2054:2886:1378:2379:2827:1741:2085:2228:2489:1664:1925:1695:2607:1779:1667:2625:1409:2702:2494:2553:2089:1949:1379:2166:2877:1955:2389:1565:2579:2474:1567:2684:2525:1661:1632:2402:2471:2920:1811:2523:1392:1881:2209:2511:1530:1545:2785:2807:1958:1389:2700:1970:2604:1931:2241:1443:2309:1518:2091:2778:2680:2340:2262:2162:2895:2868:2405:1938:1405:2189:1927:2725:1369:1540:2384:2202:1537:1964:1681:1805:1723:1767:2147:1918:2452:2771:1531:2551:1807:2876:2021:2333:2758:1401:2451:2559:1407:1622:2788:2907:1761:2493:2274:1829:1604:2410:2590:1797:1483:2740:1544:2916:1928:2199:1343:1802:2188:2167:2133:1560:1987:1397:1589:2612:1500:2317:2120:2142:2158:1886:1678:2267:2795:1662:2396:2496:1647:2805:2535:1645:2097:1894:1433:2495:1989:2709:1953:2679:1543:2070:2636:1427:1391:1402:1568:2016:1985:2583:1687:2179:2548:2087:153:2387:2542:1709:2645:2069:1591:2307:1769:1613:1901:2631:2667:2784:1748:1888:1569:1504:1619:2485:1406:1511:1969:2184:1525:2473:1429:1457:2909:2282:2249:1635:1823:2453:1448:1975:2271:2721:1363:653:2654:2675:2057:2350:2165:2472:2507:2765:2609:2205:2736:1939:2681:2768:1576:1745:1959:2196:2532:1497:2813:2433:2809:1699:1620:1612:2283:498:1738:1798:2776:2382:1902:2066:1047:1868:1417:2786:2447:2767:2569:2624:2901:1399:2821:1423:1465:2235:2055:2181:2815:242:1963:2141:2334:2591:455:1815:2468:2575:2714:2488:2201:1476:2056:245:1690:1703:2051:1844:2229:2293:2773:1516:1812:475:1995:2138:2878:1380:2218:2437:2897:1421:2295:2432:271:1228:2193:2245:2331:2251:1827:2206:2476:1445:2286:1836:2000:2856:2136:2572:1404:1839:2581:1934:2151:2865:1523:1863:2513:2009:519:1557:2512:1800:1726:2560:2851:2195:2828:1084:1333:1462:2655:1520:2178:965:2116:1:1817:1993:2240:2246:2739:1873:2727:955:1467:1203:2139:2399:2885:445:771:2341:2586:1803:1081:1128:2526:1428:2860:1435:1506:1828:2278:1400:2484:2570:2800:2376:2762:279:1281:1986:2466:2373:2377:2388:2662:2892:307:1386:2705:1486:2706:1153:1382:1679:1983:2200:2629:2799:1740:1854:2672:2915:845:1646:1670:2358:2848:794:1553:2027:2352:1860:1998:2238:2380:2835:2431:2531:2497:2844:2409:1079:1991:2479:790:1005:1961:2152:2270:171:503:509:2419:2546:2831:2900:1104:1897:2042:2255:2347:333:1195:1468:2501:2802:1039:1388:2039:2385:2779:2781:1732:2024:2083:2093:2694:1502:1875:1887:2919:1885:1016:2125:2190:2770:313:719:2403:2404:2659:318:1718:1930:1948:2118:2448:2450:1119:2017:2699:784:1684:1956:2149:2299:2374:2563:1597:1754:2414:568:1425:1871:1905:2121:2359:2417:2689:2698:754:2004:2173:2440:232:753:1485:2608:1728:1840:2486:45:177:299:330:375:853:1018:1488:1929:1960:2436:2668:2854:449:1422:1686:1700:358:1541:2019:2128:2176:2292:2774:2908:253:946:1493:1625:2003:2247:2316:2683:441:1024:1370:1455:2020:543:995:1919:1151:1233:1259:1845:2034:2049:457:663:1879:2248:2508:105:1437:1893:2217:288:1583:1865:2857:137:380:792:1792:2096:2197:2408:2538:2565:2660:1808:1907:2026:2847:351:1447:2062:2529:657:731:1898:2175:369:598:672:1416:1519:1711:2630:560:1480:2164:2304:2506:2663:572:1283:1621:2168:2653:1707:2005:2411:2812:2863:136:651:1464:1821:1824:2438:601:1420:1499:1614:1882:2434:433:782:1003:1806:2122:1164:1362:1744:1889:2351:2455:2671:2921:14:1130:1727:2418:2460:2592:2599:2731:2861:371:377:670:1098:1444:1777:1862:2648:678:909:1058:1306:1756:1778:1923:2154:2312:2328:414:768:966:1163:1883:2216:2475:2510:2875:412:526:544:603:1254:1394:1554:2023:2156:2610:100:143:252:272:1190:1242:1316:1950:2237:2674:2723:2726:502:639:898:915:1160:1642:1846:1911:2134:2144:2323:2843:76:119:332:654:1105:1352:1412:1438:1763:1906:2169:2362:2626:2862:57:292:476:1157:1180:1307:1426:2084:2406:2426:17:125:426:473:1262:1441:1446:1693:1980:2397:2539:2879:529:604:615:717:756:914:916:1682:1704:1752:2528:2555:2760:2840:197:200:435:515:679:1374:1651:1974:2046:2153:2356:2552:2893:266:608:953:987:1116:1183:1186:1238:1334:1390:1513:1657:1784:1841:2124:2183:2219:2257:2302:2616:2855:13:282:350:406:530:872:1122:1279:1440:1492:1507:2123:2264:2308:2400:2413:2420:2695:2724:104:194:229:363:591:592:650:660:805:917:921:1038:1566:1706:1861:2040:2068:2236:2478:2924:168:402:773:855:1036:1048:1094:1321:1377:1535:1577:1746:1776:1788:1796:1847:1933:1947:1977:2157:2163:2269:2632:2763:2904:40:152:223:362:398:444:668:737:956:1031:1086:1127:1155:1340:1904:2018:2330:2407:2536:2669:2896:49:91:180:237:241:251:689:891:959:1050:1053:1373:1598:1617:1737:1835:1867:1921:2064:2803:2838:320:494:567:624:676:795:1078:1080:1222:1365:1376:1474:1628:1936:2256:2498:2556:2676:2687:2711:2869:103:213:287:536:759:848:911:933:972:1010:1030:1034:1107:1148:1314:1319:1347:1489:1575:1595:1742:1909:1914:1943:2143:2172:2482:2792:2804:2820:2858:30:85:247:280:431:514:735:788:852:999:1090:1398:1558:1610:1618:1643:1698:1705:1733:1851:1859:2332:2522:2524:2554:2664:2720:2782:2903:62:573:696:814:821:926:1093:1176:1188:1216:1278:1385:1574:1579:1790:1834:1870:1924:1988:2022:2101:2194:2288:2314:2370:2383:2686:2710:2742:2829:2850:2866:2902:2913:120:175:265:324:368:391:421:551:582:643:742:951:1290:1491:1586:1624:1669:2225:2268:2298:2355:2357:2390:2545:2600:2633:41:58:112:262:312:452:508:527:716:813:825:886:1037:1060:1411:1584:1655:1736:1858:2106:2386:2611:2677:2697:2780:42:93:128:284:305:422:472:525:609:715:761:939:993:1054:1270:1286:1410:1475:1481:1563:1663:1717:1725:1785:1786:1937:1962:2029:2067:2191:2214:2266:2477:2540:2613:2692:2766:2783:2887:87:124:144:162:176:214:236:311:480:666:710:721:769:804:944:996:1215:1272:1309:1329:1364:1571:1578:1608:1654:1668:1672:1783:1818:1972:1973:2038:2053:2073:2114:2117:2210:2213:2279:2338:2421:2430:2441:2442:2449:2544:2587:2646:2741:2880:2894:15:38:39:202:276:315:329:378:477:533:538:545:554:725:811:932:940:986:1181:1301:1326:1431:1528:1712:1724:1772:1864:1903:1994:2036:2113:2155:2276:2571:2578:2666:2696:2830:2852:2889:2910:8:25:77:115:145:161:163:184:263:327:344:394:430:467:520:590:770:815:830:835:892:1150:1182:1199:1240:1251:1289:1291:1336:1342:1345:1368:1453:1469:1484:1529:1550:1689:1795:1804:1952:1976:2043:2160:2239:2260:2305:2515:2558:2618:2658:2704:2732:2755:2833:20:50:59:74:79:149:160:166:250:309:341:450:453:495:528:631:720:733:740:746:776:787:822:856:870:889:920:924:928:947:967:1085:1152:1184:1192:1235:1267:1367:1403:1419:1450:1505:1781:1787:1825:2126:2222:2252:2258:2259:2273:2291:2294:2398:2533:2589:2635:2682:2718:2749:2905:2918:43:117:133:142:155:159:179:219:246:328:352:381:410:428:461:462:466:537:646:684:697:757:874:949:962:1027:1100:1124:1205:1247:1303:1393:1434:1442:1512:1539:1599:1623:1680:1719:1853:1900:1920:1951:1957:1966:1971:2032:2075:2100:2130:2159:2192:2203:2212:2289:2320:2462:2543:2561:2641:2665:2743:2744:2747:2751:2764:7:31:35:52:55:63:71:106:108:114:127:140:154:157:169:201:227:233:261:321:403:407:416:434:437:440:524:570:595:610:614:664:681:690:693:739:781:834:836:837:880:901:906:927:954:1013:1129:1140:1174:1214:1266:1273:1284:1322:1323:1337:1357:1361:1415:1458:1503:1552:1605:1629:1673:1729:1791:1809:1813:1856:1917:1926:1941:1945:2074:2098:2119:2127:2132:2250:2265:2281:2303:2395:2428:2443:2520:2527:2576:2584:2620:2649:2713:2719:2734:2775:2816:2822:2891:2898:16:66:70:84:138:146:174:188:209:240:295:303:339:367:401:424:442:463:496:504:535:607:674:700:702:726:745:777:789:827:831:846:869:877:885:894:903:952:984:992:1011:1046:1056:1083:1110:1173:1177:1185:1193:1218:1317:1360:1418:1436:1515:1606 [0.035714285714285712:0.61538461538461542] [0.0074538398907413412:0.46093243124383615] [0.023529411764705882:0.61538461538461542] [0.03125:0.61538461538461542] [-3.4018086254858364:3.4418522200802082] [-3.4285714285714288:6.9444444444444446] [-4.0069384267237744:4.0069384267237611] [-3.0518838749059585:4.0069384267237691] [-23.82598319265098:26.594076214753656] [1:18] [1:8] [2:12]
tree_sizes=43882

Tree=0
num_leaves=199
num_cat=81
split_feature=9 8 8 10 30 41 30 30 30 8 41 24 24 30 41 8 24 13 41 30 39 41 41 30 30 30 30 33 41 8 24 39 41 2 10 6 8 39 41 38 13 39 33 39 41 30 33 33 33 30 39 39 30 33 33 7 33 33 33 33 33 39 38 33 41 6 10 30 33 33 33 33 41 33 32 33 33 33 8 33 33 8 33 33 33 8 6 33 38 39 8 33 39 33 38 33 33 33 39 38 41 41 39 9 33 33 41 41 24 38 33 38 33 38 41 41 33 33 33 24 33 33 33 13 33 41 33 33 33 13 38 33 33 33 33 24 33 33 33 33 6 41 33 38 33 33 33 39 33 33 33 6 30 33 39 33 6 7 14 39 6 41 33 30 8 33 33 33 41 33 33 33 8 9 32 33 38 33 41 8 33 33 33 39 33 33 30 30 14 7 13 33 39 33 33 33 12 2
split_gain=950917 148930 140505 61035.3 56882.8 56038.3 48481.7 29861.5 26999.3 25294.2 22838.5 13364 13010.2 12976.9 10748.8 10514.2 9510.43 9421.14 9127.56 8953.25 6732.52 6490.27 6056.14 5665.63 5348.81 4971.39 4627.6 4530.1 4393.39 4259.7 3985.34 3914.07 3861.54 3846.12 3815.3 3813.28 3749.12 3655.87 3649.12 3624.98 3599.82 3539.1 3535.23 3403.57 3104.52 3071.85 3010.12 2974.35 2834.33 2808.84 2804.44 2703.46 2663.29 2621.98 2621.62 2580.94 2578.53 2567.37 2553.66 2553.45 2526.08 2459.39 2443.16 2419.34 2401.57 2382.83 2371.44 2342.01 2320.46 2308 2289.17 2272.96 2261.91 2251.34 2244.94 2236.66 2073 2062.51 2052.94 2018.69 2003.94 1985.12 1979.47 1919.92 1906.89 1872.22 1865.79 1834.4 1804.04 1796.44 1777.21 1747.56 1743.42 1741.11 1714.55 1713.42 1697.49 1678.58 1672.06 1712.66 1656.62 1632.31 1785.49 1630.58 1618.71 1845.42 1614.4 1579.34 1566.9 1555.07 1772.4 1546.08 1531.84 1521.86 1519.01 1517.94 2065.34 1516.71 1498.8 1489.74 1520.14 1465.28 1465.19 1456.8 1531.66 1424.45 1864.49 1634.74 1421.72 1415.83 1399.94 1682.86 1635.7 1396.57 1391.91 1371.4 1358.19 1965.99 1347.32 1343.08 1323.73 1300.63 1573.35 1299.8 1287.9 1280.13 1275.31 1264.1 1572.19 1248.71 2144.48 1231.59 1222.38 1290 1203.07 1614.53 1197.35 1188.4 1188.4 1234.51 1185.62 1175.74 1198.8 1169.98 1164.36 1154.47 1750.86 1148.08 1141.8 1943.13 1717.78 1133.9 1126.43 1123.34 1121.35 1119.65 1103.2 1101.39 1101.08 1087.45 1085.93 1758.75 1082.82 1079.51 1071.91 1065.23 1060.46 1058.62 1053.03 1044.21 1038.16 1037.5 1034.15 1945.44 1188.01 1033.86 1029.06 1026.07
threshold=6.917036818900077 4.0384615384615392 7.8741762411800513 9.0008169934640545 0.083897894307646867 0.60411128981438289 0.072523028373230242 0.067509163141189418 0.10722455018350532 4.0384615384615392 -0.022435879705371507 0.38750000000000007 0.38750000000000007 0.054274213113159928 -0.42466286329556607 1.5000000000000002 0.30952380952380959 0.23333333333333339 -0.50250323976780553 0.11210320864790667 0.67708333333333359 0.01261156185186213 0.84267180670713848 0.11210320864790667 0.050238697234294104 0.089719539396705447 0.1273478681452079 0 -0.12987701171744767 4.0384615384615392 0.46428571428571436 0.71825396825396848 -0.022435879705371507 2650.0000000000005 7.1127441779631573 4.5000000000000009 2.3125000000000004 0.87083333333333346 -0.49652672638639184 -0.22104495135987287 1.4412800526996288 0.43303571428571447 1 0.78174603174603174 1.8012589113539221 0.076333173584688455 2 3 4 0.12313421050824727 -0.39444444444444454 -0.064583333333333201 0.058141453920486245 5 6 14.500000000000002 7 8 9 10 11 -1.0000000180025095e-35 -0.92050692344303442 12 -0.087662276171309381 4.5000000000000009 5.5027777777777791 0.1273478681452079 13 14 15 16 -0.15120258491297847 17 0.25751638428086759 18 19 20 1.5000000000000002 21 22 2.3125000000000004 23 24 25 4.0384615384615392 2.5000000000000004 26 -0.061842494243525718 0.75735294117647067 2.3125000000000004 27 -0.81534090909090906 28 -0.92050692344303442 29 30 31 0.93933823529411786 -0.75331545180549375 1.5094770140353446 -0.10834859049410772 0.43303571428571447 5.3389303482587076 32 33 -0.52006341477583773 -1.0000000180025095e-35 0.2678571428571429 -0.5232156849082733 34 -0.38337404492762645 35 -1.0678640741277661 1.5094770140353446 -0.62624233030895871 36 37 38 0.22500000000000003 39 40 41 1.0672222222222227 42 -0.29369781233360792 43 44 45 -0.099999999999999922 -0.46858973432479251 46 47 48 49 0.13392857142857145 50 51 52 53 2.5000000000000004 -0.55257540798553861 54 -0.51165986346741477 55 56 57 -0.6201923076923076 58 59 60 2.5000000000000004 0.16426343799485493 61 -0.44097222222222227 62 2.5000000000000004 14.500000000000002 447.00000000000006 0.18465909090909086 2.5000000000000004 0.13436988101410147 63 0.14244915070399869 2.3125000000000004 64 65 66 -0.62111630357717118 67 68 69 3.2500000000000004 5.0052083333333339 0.35915134413828204 70 -0.18118007501349229 71 1.0546274907284807 6.5701961921939924 72 73 74 1.0000000180025095e-35 75 76 0.049514922858912673 0.028053464913650423 455.00000000000006 11.500000000000002 -1.0000000180025095e-35 77 0.81534090909090928 78 79 80 37.800647337709712 2650.0000000000005
decision_type=2 2 2 2 2 2 2 2 2 2 2 10 8 2 2 2 8 2 2 2 2 2 2 2 2 2 2 9 2 2 8 2 2 2 2 2 2 2 2 2 2 2 9 2 2 2 9 9 9 2 2 2 2 9 9 2 9 9 9 9 9 2 2 9 2 2 2 2 9 9 9 9 2 9 2 9 9 9 2 9 9 2 9 9 9 2 2 9 2 2 2 9 2 9 2 9 9 9 2 2 2 2 2 2 9 9 2 2 10 2 9 2 9 2 2 2 9 9 9 10 9 9 9 2 9 2 9 9 9 2 2 9 9 9 9 10 9 9 9 9 2 2 9 2 9 9 9 2 9 9 9 2 2 9 2 9 2 2 10 2 2 2 9 2 2 9 9 9 2 9 9 9 2 2 2 9 2 9 2 2 9 9 9 2 9 9 2 2 10 2 2 9 2 9 9 9 10 2
left_child=1 5 6 7 10 8 9 21 15 28 24 31 32 38 42 17 57 50 49 40 22 46 52 29 56 44 72 -15 82 -20 174 45 59 151 73 36 -18 173 48 87 41 58 -11 69 78 114 -4 -31 -5 68 129 70 53 -12 -40 -52 -3 -17 -9 -6 -42 -37 71 -21 92 163 76 84 -8 -23 -19 -48 179 -16 96 -36 -26 -54 -13 -68 -45 -59 -2 -62 -61 -70 135 -29 112 111 -80 -58 -60 -24 136 -22 -41 -64 99 121 -27 152 -103 -95 -82 -106 177 -28 -72 110 -55 195 -75 -38 -7 116 -99 -53 -76 120 -97 -77 -101 184 -125 126 -89 -128 -43 -1 132 -132 -83 -73 -50 197 -71 -138 -111 -117 -121 142 -93 -74 -57 -143 -96 -78 -149 -100 -151 -33 153 -65 -84 -156 -150 -115 -86 -160 172 162 -119 -32 -47 -127 -167 -87 169 -81 -170 -136 -25 -34 -10 -98 -79 -85 -148 -14 -91 -182 -108 -162 -44 -126 -90 -187 -155 -110 -67 -169 194 -194 -56 -49 -131 -30
right_child=2 4 3 13 12 11 18 19 30 14 20 25 26 27 34 16 35 51 23 63 95 43 93 160 66 100 107 39 86 47 65 33 37 -35 75 61 113 -39 54 74 60 128 123 80 -46 164 62 89 134 -51 55 117 77 109 192 144 91 81 64 67 83 -63 97 101 -66 190 79 -69 85 94 108 133 143 88 118 98 147 176 90 168 104 130 154 106 158 167 -88 125 186 180 -92 141 -94 103 146 119 175 115 149 122 -102 102 -104 -105 105 -107 182 -109 189 138 -112 -113 -114 157 -116 139 -118 161 -120 140 -122 -123 -124 124 185 165 127 -129 -130 196 131 -133 -134 -135 171 -137 137 -139 -140 -141 -142 145 -144 -145 -146 -147 178 148 156 150 -152 -153 -154 188 155 -157 -158 -159 159 -161 183 -163 -164 -165 -166 166 -168 191 170 -171 -172 -173 -174 -175 -176 -177 -178 -179 -180 -181 181 -183 -184 -185 -186 187 -188 -189 -190 -191 -192 -193 193 -195 -196 -197 -198 -199
leaf_value=-1.6702062549606509 -2.6346471387766739 -2.6413648741590126 -2.2318946519418761 -2.3226225518051704 -2.6334593045055574 -1.805246471866861 -2.6372867051112454 -2.6371208717865082 -1.8227914485184318 -2.1774417352914375 -2.6357284447427394 -1.8154068074415011 -1.8046127528418641 -2.2163070950991726 -2.6355152156105501 -2.4814954148676045 -1.6739120749757321 -2.5611290399055955 -1.8243612004787915 -2.6163665971191064 -2.6343374502573034 -2.6393284040787686 -2.3667953511621187 -1.6506916645339758 -2.6329164289626013 -1.5999962882270866 -1.7770450179435926 -2.2760734810844698 -2.0263043332456752 -2.5740951642792989 -1.6704486538781866 -1.8738692187163042 -1.7784488110163643 -1.5990402808918689 -2.6403391869001038 -1.8050318052645626 -1.9469792348593149 -2.0801863917321448 -2.2203609926435321 -2.1988352864314278 -2.070227235254158 -2.126152484682521 -2.6349991932587074 -2.134329628402702 -1.590496430968376 -1.5965311493568783 -2.1548953999316258 -2.447646454786307 -2.2905883991802933 -1.9123899579881174 -1.8471746447738595 -2.6345453716482723 -2.4692491362687483 -2.634169843514421 -2.3101943701954837 -2.6058452798818403 -2.0891234247487476 -1.7983066867707975 -1.9964633071866569 -2.4873127066439196 -2.6417717233518561 -2.075935037363061 -2.6436695915769954 -2.527006666386626 -1.9991625366231474 -1.6740898355604399 -2.6366690514364342 -1.8594525956699526 -1.9399025601151823 -2.0592131671322127 -2.1189470971388711 -2.2283508735933957 -1.8665299343187132 -2.5799700101105878 -2.6373346031403631 -2.1018110871727185 -1.9437957304655977 -1.983112830267161 -1.6200816491852172 -2.6379577741734819 -2.0627533933824131 -2.4588491692042624 -1.9767740920080705 -2.1584179010864979 -2.1250103753138627 -2.6307583858903225 -2.0877557266326399 -2.20664267621523 -2.0950174239788923 -1.9381234182419891 -1.7194441594564092 -2.6406974558269827 -2.1908367623181739 -1.8034907020962985 -2.6316242829561611 -2.0004720622628254 -2.6427628810815551 -2.1668642596771872 -2.1068019798637789 -2.6342159328999633 -1.5287427749344067 -1.8638680712981497 -2.1073211700254251 -1.9220640050723714 -2.0210522218002134 -2.5385720146199171 -2.6333055047071694 -1.6502485077719298 -1.7877977181827447 -2.410421615442222 -2.0941595656667475 -1.9279722680144402 -2.1257258108451076 -1.7321393882012073 -1.6962879217024258 -2.6404993402732049 -2.442828433282433 -1.9991642858937062 -2.2115597811070411 -1.9658433784300244 -2.3414859086159279 -2.36641579140458 -2.1539580805140521 -2.2328538283227921 -2.6436394532120118 -2.1944962383467588 -2.1479802865295627 -2.5651556873209063 -2.3792161683046076 -1.8067673566493065 -2.3930876516223463 -1.8902808295753362 -1.9839887490722194 -2.5617604487964458 -2.4062999908029625 -1.8177711242800583 -1.8699379299694834 -2.5119722801591027 -1.9809584315561282 -2.3130746952144001 -2.1615023187068481 -2.633903150228404 -2.2817763705231471 -1.7499756025512467 -2.03343269152675 -2.1771679453218229 -2.1664757912564889 -2.4979147796473766 -1.9995297808494679 -1.9124746081954616 -2.554485426941981 -2.0658542168861582 -1.877891511412952 -2.2230791985180018 -2.5590182322338269 -2.1062304907803413 -2.1698836430372803 -1.8239204841005083 -1.9461748182133536 -2.1573356234061216 -1.8050065256724723 -1.9979490405538982 -2.2703130986649169 -1.5906878941431937 -1.6945280387652577 -1.9633878965246929 -2.5135001585694465 -2.4369602943559312 -2.5421331860132148 -2.1681469214242211 -2.0691419453019413 -2.5697708799223133 -1.7996417442526611 -1.8726990717635297 -1.716277442032482 -2.3903346925540534 -1.8763860029284851 -2.4273206863673638 -2.0268566430132697 -1.9552414028527569 -1.7880452991567148 -2.4800277542977951 -2.203349829858424 -2.0558462672217992 -2.229290068064115 -2.6098140851420855 -1.9277464932593338 -2.399414429061637 -2.0132987253143684 -1.9749322558157232 -1.8179940327963184 -2.1169158403273003 -2.1299496263170017 -2.6017277272569701 -2.4662508557396015 -2.0386699536331374 -2.0355220238033924 -1.6617106611348458
leaf_weight=578.71719414740801 56.679007396101952 115.23391574621201 1062.8250232934952 423.3109645396471 51.587276235222816 2517.5158895105124 71.686215028166771 70.54727516323328 1877.0887187197804 817.85633344948292 62.105720870196819 856.25009052455425 599.15187378972769 1332.9758396819234 60.966781005263329 77.527376376092434 3243.0606653988361 65.873884312808514 1533.0578908547759 54.324004217982292 55.272081680595875 88.904305927455425 78.374183982610703 490.75938210636377 49.510385893285275 4884.8968979418278 1075.2865316048265 341.66642298549414 502.51252719759941 79.005190990865231 3154.5567546710372 724.87698711454868 1937.5873495265841 329.56896038353443 100.42769750207663 589.97725084424019 481.5208300948143 507.950917981565 386.54471775889397 370.12045742571354 500.73166155070066 284.51689002662897 58.353918962180614 200.43943005800247 4390.0733276978135 1692.7456927746534 128.30370197445154 74.157299272716045 142.42748649418354 641.85431722551584 1093.845310293138 56.210032157599926 71.564691200852394 54.535120591521263 474.82969398796558 38.646831959486008 838.21082224696875 1094.1063030585647 479.53274051100016 80.67621012032032 122.26854432374239 480.26890981197357 169.2330646365881 63.37476122379303 1641.4012314304709 698.1641354188323 67.599430806934834 1132.55135384202 423.56809812039137 101.99434612691402 521.394610889256 98.156844109296799 980.78952149301767 70.037791982293129 72.021197341382504 233.84886062145233 1078.5311259403825 1248.5432431846857 2961.2914221286774 76.643953263759613 67.606457144021988 79.115037508308887 591.20340789109468 147.91964610666037 472.94135718792677 42.47575731575489 358.12264785170555 123.82895839959383 494.75027272850275 79.704778037965298 2736.0265523791313 105.18444634974003 1520.4709330275655 2698.6837261989713 45.088619358837605 162.28806185722351 143.23843713104725 233.58865964412689 94.973736971616745 54.736109979450703 5458.0480759367347 1160.738952755928 299.37608531117439 1387.197156727314 49.722294054925442 639.79131329804659 50.984308071434498 2788.8837272599339 286.4333321750164 84.960091292858124 1039.3872133940458 2158.825205668807 949.91886366903782 2107.5239601507783 1688.9821470528841 102.50458784401417 2188.0469749197364 204.11879274249077 1065.1683491617441 633.56621804088354 394.18541514873505 736.97362467646599 3124.6968460604548 357.28517544269562 168.2281176969409 183.06864258646965 67.131247356534004 1948.8858650624752 581.93054923415184 1278.6582362726331 78.528430879116058 3212.3814955055714 1303.4507533833385 1205.1386378258467 342.13849887251854 1346.4189403131604 33.740520440042019 305.33016057312489 2598.4233369678259 3348.2023551911116 480.23150251805782 53.396180726587772 1273.852203309536 3296.4100371301174 804.14468794316053 1567.6902115568519 1680.3837377354503 79.480400778353214 1195.7001542299986 37.817177675664425 302.16885773092508 415.17404485493898 265.10117674618959 249.35697477310896 76.784180738031864 808.13485328108072 448.11136627942324 2365.4891719594598 1959.6267438679934 246.21048314124346 307.15783521533012 321.00271511077881 665.02645013481379 2693.4394979774952 2206.345359377563 41.36799019575119 460.57966816425323 113.00122818350792 73.75921293348074 1272.0971008986235 1787.8103066012263 6991.7969916537404 2195.6858289763331 2062.4913187250495 1337.0441530197859 3088.5395359769464 1976.255160741508 694.91696620732546 607.58871060609818 1028.8329782932997 26.927135221660137 171.38163566589355 1311.8680615127087 242.59112383425236 601.77166241407394 203.93333984911442 758.4398727864027 2566.8489336445928 781.46326806396246 1326.5731096565723 915.26074647903442 1464.1612145900726 66.652145132422447 686.49718295782804 2163.5535166487098 874.74962437152863 176.84654822200537 69.403684325516224
leaf_count=2761 846 1720 11231 4861 770 15538 1070 1053 11927 8167 927 5375 3694 13877 910 1015 15597 924 9766 799 825 1327 921 2242 739 19747 6322 3749 4254 1120 15058 4990 11420 1329 1499 3640 3680 4584 4016 3759 4417 2659 871 1878 17314 6782 1216 941 1569 4675 7227 839 926 814 5393 565 7594 6674 3911 1062 1825 4313 2526 863 13433 3359 1009 7627 3206 847 4915 1003 6677 998 1075 2116 8207 10010 12588 1144 547 1015 4701 1414 4488 634 3260 1244 4541 538 14451 1570 15467 16607 673 1273 2138 2278 837 817 18029 7870 2786 10243 363 8815 761 12728 1716 1043 9483 16073 8977 11409 8515 1530 27967 1613 11029 4966 4604 8820 30549 3757 2511 1832 611 27395 7039 7912 947 22592 10403 16898 4230 8485 160 4119 20715 38281 4739 797 14132 18455 6813 15686 16669 1056 9790 209 4214 3685 1836 2620 1075 7465 4461 15058 14960 2419 1895 2623 7284 10628 11083 262 6223 1426 1018 12601 15879 98614 13424 14173 7018 37794 13656 8761 5147 7951 82 2250 13479 2128 6328 2961 5645 31666 6510 10523 5770 13726 592 9915 28182 7464 1514 325
internal_value=-1.98566 -1.81689 -2.23923 -2.33753 -1.94844 -1.73203 -2.07825 -2.23639 -1.81217 -2.17897 -2.04104 -1.64581 -1.83101 -2.44699 -2.24329 -1.86734 -1.8248 -1.95401 -1.93526 -2.12447 -1.96329 -2.32951 -1.93832 -1.88839 -2.14147 -1.60658 -1.76115 -2.36828 -1.97985 -1.94772 -1.69574 -1.73301 -1.91176 -1.86647 -2.17331 -1.76881 -1.74821 -1.85557 -2.50926 -2.39453 -2.17614 -2.12743 -2.34618 -2.23322 -1.64834 -1.70882 -2.3726 -2.0023 -2.54362 -2.07525 -1.86069 -2.06153 -1.98803 -2.03834 -2.43742 -1.93724 -2.22207 -1.91359 -2.08968 -1.976 -2.25497 -1.9266 -2.39326 -1.99131 -2.08014 -1.6601 -2.08947 -1.96858 -2.12467 -2.1847 -2.00228 -2.49744 -1.81064 -2.08047 -2.34513 -2.21956 -2.0302 -1.92943 -1.68708 -2.14104 -2.37828 -1.9072 -2.09617 -2.29788 -2.01125 -2.10845 -1.90152 -2.46796 -2.06736 -1.99056 -1.6678 -2.21015 -2.14423 -1.85314 -2.1712 -2.12682 -2.37951 -2.3683 -2.2109 -2.19278 -1.5624 -1.98107 -1.91378 -1.84548 -2.44976 -2.49418 -2.2785 -1.68553 -1.98765 -2.02969 -2.11762 -1.96954 -2.15299 -1.79684 -1.7615 -2.36054 -2.41416 -2.16612 -2.23626 -2.11218 -2.2283 -2.2961 -2.16123 -2.38244 -2.40614 -2.49237 -2.52786 -2.54933 -2.28918 -1.7878 -1.93131 -1.89978 -2.00636 -2.53437 -2.55644 -1.86675 -2.33053 -2.43034 -1.99189 -2.32236 -2.0502 -2.24539 -2.30782 -1.7767 -2.05414 -2.19039 -2.13944 -2.02116 -2.06649 -2.37595 -2.46681 -1.94378 -2.04913 -2.09062 -2.07816 -2.14053 -2.04904 -1.78068 -1.99922 -1.96974 -1.79677 -2.14673 -2.197 -1.63371 -1.65198 -2.3806 -2.45753 -2.14979 -2.13166 -2.19262 -2.08522 -2.56196 -1.77243 -1.82705 -1.77848 -2.40176 -1.91967 -2.37395 -2.13124 -1.89981 -2.20536 -2.35385 -2.21746 -1.9157 -2.26149 -2.42872 -1.99378 -2.4154 -2.06874 -1.9417 -1.75572 -2.13897 -2.4634 -2.555 -2.43691 -2.0641 -1.83456 -1.98206
internal_weight=175545 105397 70147.8 43553.8 41329.4 64067.8 26594 22637.4 33206 15603.3 23108.4 30861.8 18221 20916.3 11794 22530.4 15113 7417.49 10990.7 10280.8 13025.6 12356.6 11300 8234 10082.8 21286.6 9769.35 9238.59 3809.26 4997.81 10675.6 9575.21 8451.62 1469.62 7019.76 9267.84 8197.59 4508.03 11677.8 7905.62 7407.09 4578.4 4774.28 3820.59 10943.6 8105.59 8536 3464.75 7899.67 2756.75 3970.86 3446.63 7135.77 3839.41 3778.08 1936.64 3953.57 5845.11 3711.95 3943.59 2828.69 1070.25 7473.17 2873.74 3641.4 7461.42 6129.24 3892.01 2114.89 2863.03 2200.27 1431.6 5905.18 2334.11 4739.09 4685.64 2851.33 3296.36 6553.57 3277.91 957.559 5767.58 1532.8 2327.96 2759.45 2043.21 2276.46 3166.53 2273.15 3385.75 5697.32 3838.33 2000 4164.26 2774.13 1725.54 3601.9 6041.58 4585.22 4150.26 10342.9 2819.41 1460.12 4085.88 757.12 689.514 2205.69 3864.17 2134.4 3777.31 1093.92 3107.73 1019.96 4954.53 4206.5 5872.34 2421.64 1246.36 1137.19 1670.27 556.473 970.822 3179.43 3956.42 3296.3 2824.86 2139.85 2016.02 866.447 2034.22 4673.48 3290.91 1382.57 1303.3 7476.36 1918.34 441.065 339.071 2683.38 3450.71 1113.8 3000.12 1379.04 4277.2 842.792 1621.09 2333.06 2801.82 1723.29 434.96 339.986 1140.05 1359.3 1094.2 1476.12 884.919 1643.81 4473.01 2678.78 2205.84 3236.19 1190.15 869.145 5848 3899.09 685.016 501.948 1619.64 3210.31 1348.74 1861.57 7333.94 2686.45 4000.08 3214.13 3231.78 3224.8 842.837 2287.97 1627.98 278.014 198.309 1362.85 549.749 660.126 2939.01 1253.19 2770.78 1030.82 1613.01 1613.42 1577.16 3391.53 753.149 2638.38 948.907 1455.5 571.916
internal_count=1412045 663243 748802 509338 316485 346758 239464 240978 207332 156804 199155 139426 117330 268360 126393 153572 96343 57229 82660 97503 101752 143475 85345 57923 97403 87504 55827 110988 30411 38234 53760 51922 61503 10004 70132 53697 45744 30177 157372 97111 74219 43562 56261 40545 49728 41918 102930 28468 109274 24737 26792 30437 57574 32982 48098 14605 41499 42646 33864 31326 30657 7953 91699 23284 32811 34815 55904 30556 20062 28942 18078 19117 36777 21071 55795 49061 24253 24592 32414 31651 11603 41631 14087 26240 22929 18992 16324 41316 20161 27348 27039 39779 19378 27771 27615 16407 43691 72582 47562 42302 37776 22485 10656 26850 9725 9178 24415 19050 17154 32055 10297 24478 9975 30147 24053 70056 30245 12359 12104 15582 5877 10936 31366 48094 40895 37567 29250 28006 9698 12187 34957 23539 11418 17901 104413 13064 5126 4279 21758 39811 9705 32185 15702 25132 7378 16483 22489 23514 15307 5260 4423 8675 11829 9993 13241 8540 14251 26467 21867 17379 19689 11520 8897 25686 17865 8317 6485 15786 30642 13745 16897 102844 15666 25593 18945 39932 23666 10175 21816 11645 2870 2332 14240 4023 7199 37138 10186 34627 9130 12239 9129 15152 44082 10507 33575 8405 9426 4579
cat_boundaries=0 91 182 273 365 455 546 637 728 819 911 998 1089 1180 1270 1361 1451 1542 1634 1726 1817 1908 1999 2091 2181 2271 2359 2448 2539 2630 2717 2807 2898 2989 3080 3172 3263 3353 3445 3535 3625 3714 3799 3888 3979 4071 4161 4249 4337 4426 4517 4608 4699 4790 4877 4968 5060 5147 5237 5329 5419 5504 5594 5686 5777 5861 5952 6044 6135 6225 6314 6402 6487 6577 6669 6761 6851 6939 7028 7119 7207 7299
cat_threshold=0 0 0 0 0 0 0 2097152 0 0 0 0 0 0 128 8388608 0 0 0 0 0 0 0 0 0 0 0 0 0 0 0 0 0 0 65536 0 2 0 0 0 0 0 0 0 0 0 0 0 0 0 0 268435456 8388608 0 0 524288 8704 16777216 0 0 0 64 0 0 0 0 0 0 67109888 1049600 4194305 4 131072 16 128 0 1 33554432 2048 2147483648 32768 0 1 0 0 1048576 64 0 0 0 64 0 0 0 0 0 0 0 0 0 0 0 0 0 0 0 0 0 0 0 0 0 0 0 0 0 0 0 0 0 0 0 0 0 0 0 0 0 0 0 0 0 0 0 4 64 0 0 0 131586 1 524288 1 134217729 8192 0 524288 532992 0 1073741824 0 0 0 0 0 2105344 0 0 48 1024 1048576 138412032 0 131072 16 0 0 0 1140850816 0 0 0 536870912 0 0 0 0 0 0 2048 0 64 0 0 0 0 0 0 0 0 8388608 0 0 0 0 0 0 0 0 0 0 0 8192 0 0 0 0 0 0 0 0 0 0 0 0 0 0 0 0 0 0 0 0 2147483648 0 2147516416 64 0 2048 134217728 2147483648 2097152 0 0 0 134217728 0 16 33280 32768 33554432 8192 0 8 4194304 0 64 0 0 8 5120 1048576 0 0 0 0 0 0 0 128 0 0 0 0 2 0 1024 32 64 536870912 0 536870912 64 0 0 0 0 33554432 0 0 0 0 0 0 0 0 0 0 0 0 0 0 0 0 0 0 0 0 0 0 0 0 0 0 0 0 0 0 0 0 0 0 0 0 0 0 285212672 0 4194568 0 67108864 2147483648 0 0 1073750016 0 0 0 0 32768 0 0 0 0 0 16384 0 0 128 536870912 0 536870912 0 0 0 8 16384 256 0 262144 2097152 0 144 0 0 0 0 67108864 65536 69206016 0 0 268472320 536870912 8 0 0 0 0 0 0 0 0 0 0 0 0 1073741824 131072 0 0 0 0 0 0 0 0 0 262146 0 0 0 0 0 0 0 0 0 0 0 0 0 0 0 0 0 0 0 2097152 4096 256 268435456 0 640 64 0 1 0 0 0 0 8960 0 33554432 2147483648 0 0 0 0 0 0 131072 8 16388 2097152 0 0 67108864 8388656 16384 32 0 0 2 0 0 0 0 0 0 0 0 32768 0 32768 0 0 0 0 0 0 0 0 0 0 0 0 0 0 0 0 0 0 0 0 0 0 0 0 0 0 0 0 0 0 0 0 0 0 0 0 0 0 0 0 0 0 0 0 512 0 33554432 65668 2 1 1048576 1073741824 0 0 0 0 0 0 4096 0 0 0 32 1024 128 0 1140850688 16384 33570816 2097152 256 0 0 0 0 0 1 16 65568 128 1073741824 0 0 524288 2050 2097152 0 0 32768 0 1048576 0 0 0 0 0 0 0 0 32768 0 0 0 0 0 0 0 0 0 0 0 131072 0 0 0 67108864 0 0 0 0 0 0 0 0 0 0 0 0 0 0 0 0 0 0 8388608 0 0 35651584 16384 536870912 0 4194304 268435456 0 0 0 512 32 0 33554560 524288 0 0 0 0 64 65536 2097152 8 8388616 1049088 0 0 0 0 0 0 0 33555460 0 0 0 0 0 0 16384 0 0 2 2048 537919488 4096 0 0 0 0 0 0 0 0 0 0 0 0 0 0 0 0 0 0 0 0 0 0 0 0 0 0 0 0 0 0 0 0 0 0 0 0 0 0 0 0 0 0 0 0 524288 0 0 524288 0 1 524288 0 0 0 0 0 2147483680 32 0 1 0 4096 0 32 0 128 0 16384 1048576 134217728 0 0 1073741824 16384 524288 0 2097154 16777220 0 16 0 0 1073741824 524288 67108864 0 64 2181038080 0 268435456 536870912 0 0 0 0 0 0 0 0 0 0 0 0 0 0 0 0 0 0 0 0 0 0 0 0 0 0 0 0 0 0 0 0 0 0 0 0 0 0 0 0 0 0 524288 16 8192 4194304 0 0 0 2 0 0 0 0 268435457 0 2112 8 537001984 0 0 2048 65536 0 0 0 536879104 128 0 0 0 0 0 16384 0 0 0 0 131072 0 1073741825 0 3221225473 0 0 2 33792 262144 0 4096 2097152 0 0 0 0 33554432 0 0 0 0 0 0 0 0 0 128 0 0 0 0 0 0 0 0 0 0 0 0 0 0 0 0 0 0 0 0 0 0 0 0 0 0 0 0 278921216 8192 0 2064 32769 0 0 0 0 0 8192 1048576 0 41943040 0 0 0 268959744 8388610 520 32 0 0 0 0 256 134217728 2147483648 1024 0 0 0 32 0 2097152 0 128 0 0 0 33619968 0 1048576 0 0 0 0 0 16 0 0 0 0 0 0 0 0 0 0 0 0 0 536870912 512 0 0 0 0 0 0 0 0 0 0 0 0 0 0 0 0 16777216 0 0 0 0 0 0 0 0 0 0 0 32768 0 131072 2048 0 16777216 2 0 0 0 0 0 0 0 32 0 0 0 0 8 0 4456448 0 0 0 0 0 0 2048 0 16384 0 17408 0 2147484160 0 8388608 1 1048576 1073741824 8388672 0 0 65536 0 0 0 0 0 0 0 0 0 0 0 0 0 0 0 0 0 0 0 0 0 0 0 0 0 0 0 0 0 0 0 0 0 0 0 0 0 0 0 0 0 0 0 4 64 134217728 0 0 0 0 0 268443649 147457 0 0 16 0 16777216 0 0 0 67108872 0 0 0 0 131072 24 1024 0 0 2097152 8 16 0 548 0 131072 0 0 1073741824 0 0 2048 0 32 0 33554434 0 0 64 0 0 0 0 0 0 0 0 0 0 0 0 0 0 0 0 0 0 0 0 0 0 0 0 0 0 0 0 0 0 0 0 0 0 0 0 0 0 0 0 0 0 524288 67174400 0 256 0 0 0 2097152 0 32768 16384 8192 0 0 0 0 0 0 262144 0 16384 0 4194816 0 2097152 0 8 0 1073741888 1024 0 0 16384 0 0 16 131073 16512 512 0 0 2048 0 65538 1024 33554432 32 0 134217728 0 0 0 0 0 0 0 0 0 0 0 0 0 0 128 0 0 0 0 0 0 0 0 0 0 0 0 0 0 0 0 0 0 0 0 0 0 0 0 0 0 0 0 2097152 524288 256 0 134217728 0 0 0 0 8388608 0 0 2 1024 0 0 0 384 0 33554434 0 2097152 128 1073741824 0 41943040 0 512 0 8200 0 0 0 0 2684355072 0 0 524288 4096 0 8912896 67108864 1048576 2097152 0 0 269484032 0 0 0 0 0 0 0 0 0 0 0 0 0 0 0 0 0 0 0 0 0 0 0 0 0 0 0 0 0 0 0 0 0 0 0 0 0 0 0 0 0 0 0 32768 524288 131072 0 0 16 0 0 0 0 0 0 0 2147483712 0 0 16384 128 131072 40 0 128 128 2097152 16384 8192 134217728 2147483648 0 8192 0 0 0 1 16 2049 128 8421376 0 1073741825 0 0 2 0 33554432 0 0 671088640 0 0 0 0 0 0 0 262144 0 0 0 0 0 0 0 0 0 0 0 0 0 0 0 0 0 0 0 0 0 0 0 0 8388608 0 0 0 0 0 0 0 0 0 33554432 0 0 0 0 0 0 0 0 536870912 8388608 0 0 0 1048576 0 0 1073741888 2048 2 0 0 2097152 133248 536870912 0 0 0 0 0 0 0 268435456 1056 0 0 2049 16 0 4096 128 8388608 0 1048576 0 536870913 0 1048584 0 0 0 0 0 0 0 0 0 0 0 0 0 0 0 0 0 0 0 0 0 1 0 0 16392 0 8192 0 0 0 134217760 0 0 0 0 0 0 0 0 0 2 0 0 4 0 0 4096 0 0 0 16384 24576 2147483648 0 0 524288 0 0 0 0 262144 0 2099200 0 0 0 0 0 0 0 65536 0 0 16 2048 0 0 0 0 16640 0 536875008 16777216 8388608 514 0 0 0 0 0 1081344 0 0 0 0 0 0 0 0 0 0 0 0 0 0 0 0 0 0 0 0 0 0 0 0 0 0 0 0 0 0 0 0 0 0 0 0 0 0 0 0 0 0 0 2097156 0 16 0 0 16 0 0 0 0 0 0 0 0 0 0 0 128 256 2097152 0 4194304 0 0 8388616 536879104 0 131072 0 0 0 3147776 131072 1572928 536870912 0 2148532224 0 0 128 0 0 0 67641344 16 0 805306368 0 16 0 0 0 0 0 0 0 0 0 0 0 0 0 0 0 0 0 0 0 0 0 0 0 0 0 0 0 0 0 0 0 0 0 0 0 0 0 0 0 0 0 0 67108864 2147483648 33554448 0 0 0 2097152 2 0 32768 131136 0 0 0 1024 0 536870912 0 0 8388608 16384 0 0 8192 0 8 0 0 0 0 0 0 2147549248 8 0 1048576 65536 16 4096 0 0 0 0 65568 0 0 524288 64 268435456 256 0 0 0 0 0 0 0 0 8388608 0 0 0 0 0 128 0 0 0 0 0 0 0 0 0 0 0 0 0 0 0 0 0 0 0 0 0 0 0 0 0 0 0 0 0 0 33554432 2048 0 2097152 0 4096 0 8388608 0 0 0 0 1048576 0 64 0 0 2 0 2097152 0 67108864 10485760 256 0 512 0 0 0 268435456 0 1 0 0 0 2147483648 0 1073741824 42467328 262144 1114112 65536 0 0 268435456 536870912 0 0 0 0 0 0 0 0 0 0 0 0 0 0 0 0 0 0 0 0 0 0 0 0 0 0 0 0 0 0 0 0 0 0 0 0 0 0 0 0 0 0 524288 65536 33554432 0 0 128 0 0 0 8192 0 0 131072 0 33554432 0 0 0 278656 128 34 1 0 131072 2097152 262144 524288 0 0 0 0 16384 512 0 0 536870912 1 16384 8 0 4096 0 0 0 67174400 0 32768 1048576 536870912 0 0 0 0 0 0 0 0 0 0 0 0 0 0 128 0 0 0 0 0 0 0 0 0 0 0 0 0 0 0 0 0 0 0 0 0 0 0 0 0 0 0 0 276824080 2097152 134348800 0 0 0 256 524288 0 0 0 0 0 1024 0 1073741824 1 128 131072 0 0 0 0 0 16384 655360 1024 0 0 8192 0 0 0 32 2101248 0 0 75530240 131072 0 0 67108864 0 0 33554432 32 256 2228224 0 0 0 0 33554432 0 0 0 0 0 0 0 0 0 0 0 0 0 0 0 0 0 0 0 0 0 0 0 0 0 0 0 0 0 0 0 0 0 0 0 0 0 0 2181046272 0 8 2048 134217728 0 0 0 268435456 4194304 0 0 0 512 16777216 0 0 536870944 0 2 0 8192 2048 131072 0 0 2 0 0 131104 0 128 0 1048576 1073872896 0 0 0 0 1073741952 33554432 2097152 524288 0 33554432 0 0 0 256 0 0 0 0 0 0 0 0 0 0 0 0 0 0 0 0 0 0 0 0 0 0 0 0 0 0 0 0 0 0 0 0 0 0 0 0 0 0 0 0 0 2147483648 0 67149824 0 0 0 0 16777216 0 4194304 1073741824 131072 0 0 640 1024 0 1073741824 0 536870912 131072 2 33 2097152 128 256 0 8388616 0 0 0 0 0 0 0 1048576 0 1 0 0 0 128 0 0 0 67108864 8388610 0 268435456 0 0 0 0 0 0 0 0 0 0 0 0 0 0 0 0 0 0 0 0 0 0 0 0 0 0 0 0 0 0 0 0 0 0 0 0 0 0 0 0 0 2147483648 0 2129936 524288 0 0 16384 0 0 524304 16384 0 0 131072 0 0 8 0 16385 0 2 0 2048 6291456 0 0 278528 0 0 1073741824 0 0 0 81952 0 32768 2147483648 0 1048576 0 0 0 17301568 67108864 0 1024 0 0 536870912 0 0 0 0 0 0 0 0 0 0 0 0 0 0 0 0 0 0 0 0 0 0 0 0 0 0 0 0 0 0 0 0 0 0 0 0 0 0 0 0 0 0 0 2183135232 524288 33554432 0 0 386 2097152 4194320 536870912 0 0 1 0 0 0 0 64 0 0 0 0 0 131072 0 0 1056768 0 2147485696 0 8200 0 0 0 1572864 256 0 2147483648 0 4096 0 0 2097152 0 0 2155872256 0 0 0 0 0 0 0 0 0 1073741824 8192 0 0 536870912 0 0 0 0 0 1 0 0 0 0 0 0 8192 0 0 0 0 0 0 268435456 0 0 0 0 0 0 0 0 0 16777220 33554432 0 33554448 0 0 0 0 32768 131080 0 0 16 524288 0 8388608 0 32 2 4194304 1 0 8 0 8388608 0 1073741824 64 0 0 1048576 0 512 0 67108864 134217728 0 0 0 0 0 0 0 16777216 536870912 2048 0 0 0 0 0 0 0 0 0 0 0 0 0 0 0 0 0 0 0 0 0 0 0 0 0 0 0 0 0 0 0 0 0 0 0 0 0 0 0 0 0 0 33554432 536936452 64 0 0 0 528 0 0 268435456 0 0 0 524304 512 0 1107296256 268435456 32 67108928 0 0 0 0 0 8388608 0 1048576 0 0 0 16 2162688 0 524288 1140982784 134217728 2181038080 0 536870912 0 0 0 0 0 0 0 0 64 0 0 0 0 0 0 0 0 0 0 0 0 0 0 0 0 0 0 0 0 0 0 0 0 0 0 0 0 0 0 0 0 0 0 0 0 0 0 0 0 0 0 0 8388608 40960 256 0 0 0 0 0 0 0 0 0 0 1048576 1048576 4096 16384 16384 131072 1048576 256 136 0 256 0 536891392 1024 0 0 0 2048 0 0 0 536870928 0 0 0 0 0 528384 0 0 16809984 536870913 0 4096 2228224 0 0 0 0 0 0 0 0 0 0 0 0 0 0 0 0 0 0 0 0 8192 0 0 0 0 0 0 0 0 0 0 0 0 0 0 0 0 0 0 0 0 0 0 570425344 0 0 268437504 0 0 2 0 0 2147483648 134217728 0 2 32768 0 0 0 0 0 0 0 4194304 2048 2097152 262144 67117056 0 2147483648 0 0 0 0 0 524288 0 134219776 0 2147483648 0 0 8388608 2097152 0 73728 16384 0 0 0 0 0 0 0 67108864 0 0 0 0 0 0 0 0 0 0 0 0 0 0 0 0 0 0 0 8192 0 0 0 0 8388608 0 1024 0 0 0 0 0 0 0 0 2097216 8 0 0 0 0 0 9 262152 0 8192 0 0 0 33554432 0 32 0 0 0 0 32 1073741824 0 0 0 134217728 0 32 0 0 0 0 128 0 0 524288 1048576 0 2147549200 16384 160 0 2 0 1048576 0 0 0 0 0 0 0 0 0 0 0 0 0 0 0 0 0 0 0 0 0 0 0 0 0 0 0 0 0 0 0 0 0 0 0 0 0 0 0 0 0 0 0 4096 512 32768 272 524416 0 0 0 32768 0 8 0 0 2147485696 0 524288 0 268436480 0 2 0 2097152 0 0 0 0 1073741824 1073741824 16384 0 0 0 524304 1 0 2 0 2147483648 0 0 64 67108864 0 262144 2147483650 32 0 537001984 0 0 0 0 0 0 0 8388608 0 0 0 268435456 0 0 0 0 128 0 0 0 131072 0 64 2 0 0 0 0 0 0 0 8 8 0 0 0 536870912 0 524288 0 0 0 0 8 536870912 0 0 0 0 134217728 16777216 16384 0 0 0 0 0 0 32 2097152 2 262144 0 67108864 0 48 0 0 0 1024 0 0 0 0 0 16384 0 128 0 33554432 0 32768 0 8 2 128 0 0 0 0 65 0 0 0 0 0 0 2097152 2097152 0 0 0 0 0 0 0 0 0 0 0 0 0 0 0 0 8 0 0 0 0 0 0 0 0 0 0 0 268435456 0 0 0 0 0 33554432 0 2097152 0 0 0 0 0 4194304 1073750016 0 0 0 0 64 0 0 0 268435456 0 0 0 262400 0 0 128 4 0 2147483648 3072 1207967752 524288 256 8 0 4 131072 2147483648 0 1048576 0 0 0 0 0 0 0 2147483904 536870912 0 0 0 0 0 0 0 0 0 0 0 0 0 0 0 0 0 0 0 0 0 0 0 0 0 0 0 0 0 0 0 0 0 0 0 0 0 0 0 0 0 0 33554432 33619968 2 0 0 0 0 0 4194304 536870912 2147483648 0 0 0 8192 32 0 1073741824 384 262144 0 0 8192 2048 2097152 0 0 134217728 0 0 536870920 0 0 1024 0 570426368 32768 0 2097152 0 0 0 0 1048576 98304 4 0 536870912 0 256 0 0 0 0 0 0 0 0 0 0 0 0 0 0 0 0 0 0 0 0 0 0 0 0 0 0 0 0 0 0 0 0 0 0 0 0 0 0 0 0 0 0 0 32768 33554432 0 0 20480 128 0 0 32769 1 0 8192 0 0 1048576 0 0 32 8 0 8388608 0 2560 0 262144 0 1048576 0 0 0 0 0 0 1 1107428352 671088640 0 524288 0 0 0 4096 0 0 8388610 0 1048576 2097216 0 8192 0 0 0 0 0 0 0 0 0 0 0 0 0 0 0 0 0 0 0 0 0 0 0 0 0 0 0 0 0 67108864 0 0 1024 0 0 0 4096 0 0 0 0 539033600 136454146 0 0 0 16 536870912 0 268435456 134348800 1024 0 0 524288 0 144 0 0 2147483648 0 0 0 512 0 0 1073741824 0 4227200 0 134217728 0 0 0 0 0 536870912 264192 0 0 0 0 0 0 0 0 0 64 0 0 0 0 0 0 0 0 0 0 0 0 0 0 0 0 0 0 0 0 0 0 0 0 0 0 0 0 0 0 0 0 0 0 0 0 0 0 0 0 0 2147483648 0 33554432 524288 0 2048 16384 258 0 16 0 131072 0 0 2 0 0 0 0 2048 266240 0 0 0 2048 0 262144 67108864 0 0 0 0 0 268500992 0 524288 536871936 0 2147500032 0 1052672 0 2048 2097152 1048576 0 0 0 0 32768 16 0 0 0 0 0 0 0 0 0 0 0 0 0 0 0 0 0 0 0 0 0 0 0 0 0 0 0 0 0 0 0 0 0 0 0 0 0 0 0 0 0 0 0 2162688 0 33554440 0 67125248 536871424 0 4194304 1073741824 131072 0 0 0 524288 32 0 64 128 131072 0 0 0 0 0 0 4096 0 0 0 32 0 0 0 1048576 0 32768 0 0 4096 1073741826 16777216 2101248 128 0 8388610 0 268435456 0 0 0 0 0 0 0 0 0 0 0 0 0 0 0 0 0 0 0 0 0 0 0 0 0 0 0 0 0 0 0 0 0 0 0 0 0 0 0 2048 0 2147483648 0 8 0 0 0 0 0 0 4194304 268468225 1048576 0 0 0 524800 0 0 0 0 67108864 0 0 0 1048576 1073872896 4194328 1024 0 0 0 536870912 16 2176 0 0 603979904 131072 33554432 0 536870912 2 0 16384 0 0 2 0 1048576 0 0 0 0 0 0 0 0 0 0 0 0 0 0 0 0 0 0 0 0 0 0 0 0 0 0 0 0 0 0 0 0 0 0 0 0 0 0 0 0 0 0 33554432 1073741824 0 256 0 16384 0 0 0 268435456 1 0 0 524290 0 0 0 0 536870912 4160 32 0 8192 32 131072 16 67108864 2097152 4194304 4 131072 0 0 2147483684 524288 2228224 134217728 0 524288 0 0 0 67108864 0 0 8388608 2048 0 0 0 0 33554432 0 0 0 0 0 0 0 0 0 0 0 0 0 0 0 0 0 0 0 0 0 0 0 0 0 0 0 0 0 0 0 0 0 0 0 0 0 0 32768 32768 33554464 0 0 131088 0 0 0 0 0 16 0 0 0 0 1073741825 0 2048 524288 0 512 0 8192 1048576 256 512 0 0 524288 8388608 0 0 2097154 256 0 0 0 131072 2147483776 524288 2359296 0 0 0 0 0 0 0 0 0 0 0 0 0 0 0 262144 0 0 0 0 0 0 0 131072 0 0 0 0 0 0 0 0 0 0 0 0 0 0 0 0 0 0 0 0 33554432 0 2048 134217728 0 0 4194304 0 0 134217728 131072 0 0 4096 33554432 1073741824 262144 8650824 0 0 0 0 536872960 4194304 0 1073742848 0 2052 0 0 2097152 4 0 33554944 0 0 512 0 66 0 0 0 0 268435456 32768 0 0 536870912 0 0 0 0 0 0 0 2147483648 0 0 0 33554432 0 8 0 0 0 0 0 2048 0 2097152 2147500032 16384 4194304 0 0 0 0 4194304 0 0 0 32 0 0 64 8 2147483648 0 16384 1073741888 0 0 0 0 0 0 0 0 0 0 0 2080 1048576 0 0 0 268435456 0 0 0 0 0 4194304 8 0 0 0 0 0 0 0 0 0 0 16384 262144 0 0 0 0 0 67108864 0 32 536870912 134217728 2 8192 0 0 0 131072 0 134217728 0 0 0 0 0 0 0 0 0 0 0 0 0 0 134217728 0 8 0 0 0 0 134217728 0 0 8388608 0 0 0 0 0 0 0 0 270532608 0 4096 536870912 0 0 0 0 2048 0 0 0 0 1024 0 0 131072 2048 0 0 256 0 128 0 0 0 0 0 0 0 0 1 0 0 0 16 2052 32 0 0 128 0 8392704 16384 0 0 0 0 1024 0 4104 0 0 0 0 33554432 0 0 0 0 0 0 0 0 0 0 0 0 0 0 0 0 0 0 0 0 0 0 0 0 0 0 0 0 0 0 0 0 0 0 0 0 2147483648 0 536870916 64 0 0 0 0 0 0 268435457 0 134217728 8192 0 1024 16777216 0 0 266240 131072 0 0 8192 0 131072 16 1024 1048576 0 0 0 0 2176 1024 1048576 33554432 134217728 8388608 0 536870912 0 276824064 4096 0 0 0 32 536870912 0 0 0 0 0 0 0 0 0 0 0 0 0 0 0 0 0 0 0 0 0 0 0 0 0 0 0 0 0 0 0 0 0 0 0 0 0 0 0 0 2 0 0 335544320 0 33554432 268435456 0 0 8388608 4718592 0 8388608 0 1048576 128 0 0 0 0 0 0 10 0 2097152 131072 256 0 0 0 0 0 8192 0 524544 0 1048576 0 0 128 4096 0 0 0 67108864 65536 0 2684354576 0 0 0 0 0 0 0 0 0 0 0 0 0 0 0 0 0 0 0 0 0 0 0 0 0 0 0 0 0 0 0 0 0 0 0 0 0 0 0 0 0 0 0 65536 0 0 2048 134234112 16777600 0 0 1 0 0 0 512 0 0 0 1 0 0 40 0 4194432 2048 0 4456448 536875264 0 2147483648 4 0 0 268435456 1024 0 2183135232 671088640 0 0 4096 2 0 0 0 0 2 0 0 0 0 33554432 0 0 0 0 0 0 0 0 0 0 262144 0 0 0 0 0 0 0 0 0 0 0 0 0 0 0 0 0 0 0 0 0 0 0 0 0 0 0 8 0 1 0 2097152 0 2048 0 0 9437184 32768 0 0 0 16777216 4096 2097152 0 0 33554434 1 0 0 66560 0 0 2048 0 4 0 0 0 8192 16 67108864 1073872896 1 0 65536 32 262144 16384 0 16777216 4 4096 0 0 0 536870912 0 0 0 0 0 0 0 65536 0 0 18 16384 8 0 0 2147483648 0 0 0 0 2 16384 0 32 0 0 0 0 0 0 0 1024 0 512 64 0 134217728 2147483648 0 0 64 8192 2048 256 65552 0 0 0 0 0 0 0 0 0 0 0 0 0 0 0 0 0 0 0 0 0 0 8388608 268500992 0 0 0 0 0 0 0 10485760 0 0 2147483648 0 0 0 0 0 0 2162688 0 8192 0 0 0 0 0 0 0 1 0 0 0 0 0 0 0 0 0 0 0 0 0 0 0 0 2097152 0 0 0 0 0 0 0 0 0 0 0 0 0 0 0 0 8 2 0 0 0 0 0 4194304 0 2147483656 0 0 0 0 16777216 33554432 0 0 67371008 0 0 0 32 0 0 1024 0 512 0 32 0 2097280 2147483648 0 1140981760 0 0 0 536870913 0 8388608 0 0 67108864 0 0 0 64 0 0 0 0 0 0 0 0 0 0 0 0 0 0 0 0 0 0 0 0 0 0 0 0 0 0 0 0 0 0 0 0 0 0 0 256 0 0 0 0 0 0 0 8388608 134217728 0 0 67108864 0 0 0 0 0 0 0 0 1024 0 64 1073741825 0 0 524292 1 0 0 0 0 8388608 0 1073872896 524288 0 8388608 0 16384 0 4 0 2416967696 0 1114112 4224 0 0 0 65536 2147483648 0 0 4096 0 0 0 0 0 0 0 0 0 0 0 0 0 0 0 0 0 0 0 0 0 0 0 0 0 0 0 0 0 0 0 0 0 0 0 0 0 0 0 0 0 0 0 536870912 0 0 0 16384 0 0 8192 0 0 0 1048576 2 32768 0 1073741824 0 262144 0 65544 32 4194560 0 16777472 0 67117056 0 2 0 1073741824 0 65536 0 1048576 0 0 0 0 131072 0 16777216 0 0 65600 8388608 0 0 134250496 0 0 0 0 0 0 0 0 0 0 0 0 0 0 0 0 0 0 0 0 0 0 0 0 0 0 0 0 0 0 0 0 0 0 0 0 0 0 0 0 0 0 0 0 16384 33554432 1073741824 4 0 0 0 0 0 1073741824 0 0 8224 0 16 131105 0 131072 0 0 0 0 0 8388608 0 0 514 0 0 0 268959776 0 524290 4096 0 9 32768 0 0 33554432 2048 0 16778240 0 0 0 0 0 0 0 0 0 0 0 0 0 0 0 0 0 0 0 0 0 0 0 0 0 0 0 0 0 0 0 0 0 0 0 0 0 0 0 0 0 0 0 8192 0 0 0 2113536 536871042 0 4096 0 8388608 134225920 1048576 0 0 0 0 0 0 8388608 0 0 0 512 256 2097152 8392712 0 514 0 536870912 0 0 0 0 33554432 2048 1048576 0 1048576 0 268437504 0 0 0 16 0 536870912 32768 0 0 0 0 0 0 0 0 0 0 0 0 0 0 0 0 0 0 0 0 0 0 0 0 0 0 0 0 0 0 0 0 0 0 0 0 0 0 0 0 0 0 0 33554440 2 8 301989888 0 512 0 0 0 0 134217728 0 524288 0 0 33554432 0 0 64 0 0 0 512 0 4194304 0 0 4194304 0 0 0 0 0 0 1073742848 32768 0 524288 0 0 0 16384 0 0 0 0 0 0 256 0 0 0 0 0 0 0 0 0 0 0 0 0 0 0 0 0 0 0 0 0 0 0 0 0 0 0 0 0 0 0 0 0 0 0 0 0 0 0 0 0 0 524288 67108864 512 131072 0 1 0 2097152 8192 0 0 0 0 0 0 0 0 8256 0 0 32 0 0 131072 18874368 0 536871168 0 0 2048 134217728 0 0 1024 0 256 1 8388608 2147483648 0 128 0 2097152 0 65536 0 0 0 0 0 0 0 0 0 0 0 0 0 0 0 0 0 0 0 0 0 0 0 0 8 0 0 0 0 0 0 0 0 0 0 0 0 0 0 0 0 0 0 0 0 32 16 0 0 0 0 0 131072 0 0 0 1024 0 16 0 16384 0 0 0 262152 0 16 0 0 0 4194880 0 671088640 0 0 2147483648 32 0 0 0 67108864 1048576 4096 0 0 65536 65536 1 32 256 0 0 0 0 0 0 0 0 0 0 0 0 0 0 0 0 0 0 0 0 0 0 0 0 0 0 0 0 0 0 0 0 0 0 0 0 0 0 0 0 0 0 0 1073741824 0 131072 0 134217728 528 0 524288 1073774592 16384 8192 0 0 8192 0 0 1 128 72 0 0 0 2048 1073741824 278528 536870920 0 2147483648 0 536870912 0 2621440 0 0 2147483648 0 16384 0 0 2097152 0 4096 0 8192 536870912 0 0 0 256 0 0 0 0 0 0 0 0 0 0 0 0 0 524288 0 0 0 0 0 0 0 128 0 0 0 0 0 0 0 0 0 0 0 0 0 0 2 0 0 0 0 0 0 0 0 0 0 0 0 0 0 301989888 134217728 0 0 1073741824 0 0 0 0 4096 67108872 0 0 8256 0 131072 16 0 32 536871040 0 0 0 2097152 0 0 67272704 0 0 0 536875008 2 0 0 0 32768 33554432 0 536870912 0 0 0 0 0 0 0 0 0 2048 0 524288 16384 0 0 8388608 0 0 0 2147483648 0 0 0 0 0 0 0 0 0 0 64 0 0 0 0 0 0 0 0 2048 0 0 34078720 83886080 134250496 33554432 16 0 0 0 0 0 0 0 0 262144 0 16 0 1 0 0 33554432 16777216 0 0 671088640 0 1028 0 0 0 8192 8388608 0 0 0 0 0 0 0 0 0 262144 2359296 0 0 0 0 0 0 0 0 0 0 0 0 0 0 0 0 0 0 0 0 0 0 0 0 0 0 0 0 0 0 0 0 0 0 0 0 0 0 0 0 0 0 0 536870920 0 0 0 0 640 8388608 0 1 1 0 8192 0 0 0 33554432 0 0 0 0 0 0 0 0 4472832 0 0 2151677952 0 40 16 268437504 4 0 1610613760 0 8388608 0 4096 0 0 0 0 64 2 0 536870912 0 0 0 0 0 0 0 0 0 0 0 0 0 0 0 0 0 0 0 0 0 0 0 0 0 0 0 0 0 0 0 0 0 0 0 0 0 0 0 0 0 0 0 2147549184 0 0 0 16384 536870912 256 0 0 0 134217728 8192 0 32 0 0 0 4128 0 0 0 0 0 131072 8388608 0 0 2 2048 536870912 0 526336 1024 0 131072 0 2181038208 1073741824 536875008 4096 8388608 0 1048608 0 16 0 1048576 0 256 0 0 0 16777216 0 0 0 0 0 0 0 0 0 0 0 0 0 0 0 0 0 0 0 0 0 0 0 0 0 0 4096 0 0 0 0 0 268435456 0 0 0 0 0 0 4 0 8 0 0 0 0 0 268435457 2147483656 0 0 0 524288 16777216 0 67108864 0 64 0 0 8256 512 0 0 4096 1048576 4194306 0 131072 0 0 0 0 33554560 134217728 33554432 0 536870912 0 16777216 0 32 0 0 2048 0 64 0 0 0 0 0 0 0 0 0 0 0 0 0 0 0 0 0 0 4194304 0 0 0 0 0 0 0 0 0 0 0 0 0 0 0 0 0 0 0 0 0 0 0 0 67117064 0 0 0 0 768 0 0 0 134217728 0 0 2 0 0 0 0 536875008 67108872 32 0 8192 32 131072 16 0 256 2 0 0 0 2097152 0 0 132096 0 0 0 536903680 2 268435456 0 134217728 0 0 0 0 0 0 0 0 4224 0 0 0 0 0 0 0 0 128 0 0 4194304 0 0 0 0 0 0 16777216 32 0 0 0 0 0 0 0 0 0 0 32 33816576 268435456 0 0 2048 0 0 0 0 524288 0 65536 16 0 41943040 0 0 0 16384 0 16384 0 64 0 2097152 0 0 0 512 0 0 0 0 2048 0 4096 0 0 0 0 0 262144 0 8388608 0 16 0 262144 4096 0 0 0 0 0 0 0 0 0 0 0 0 0 0 0 0 0 0 0 0 8192 0 0 0 0 0 0 0 0 0 0 0 0 0 0 0 0 0 0 0 0 0 0 0 0 0 268435456 0 0 0 4194304 0 0 134217728 1048576 128 0 0 1073741824 0 0 8388608 0 0 128 131072 536870912 0 1056768 0 2285895680 2048 1073741824 32 256 0 0 0 0 0 0 0 0 16777216 0 0 0 2181038080 0 0 536870912 16 0 0 0 0 0 0 0 0 0 0 0 0 0 0 0 0 0 0 0 0 0 0 0 0 0 0 0 0 0 0 0 0 0 0 0 0 0 0 0 0 0 2147483648 524288 35659776 33554432 0 0 2097152 0 0 4194304 0 16384 8192 0 128 0 0 33554432 8192 536870912 262152 0 0 0 2560 0 0 12288 134217728 2147483648 0 32 0 0 32 0 0 536903680 0 0 0 2097152 16779264 0 0 64 16 0 0 32768 0 0 0 0 0 0 0 0 0 0 0 0 0 0 134217728 0 0 0 0 0 0 0 0 0 0 0 0 0 0 0 0 0 0 0 0 0 0 0 0 0 0 0 0 1073807360 8192 8 268435456 16384 144 2097152 0 536870912 8388608 0 0 0 0 0 0 0 262144 0 8 0 262144 128 2097152 2097152 0 0 512 64 131072 0 0 0 0 0 134217728 128 1075838976 1048576 0 0 262144 0 524288 0 0 268439552 0 33562624 0 0 0 133376 0 256 0 0 0 0 0 0 0 0 131072 0 0 0 8388608 0 0 0 0 0 0 0 0 0 0 0 0 0 0 0 0 0 0 0 0 0 2097152 0 8421376 0 0 0 0 0 0 0 67108864 0 131072 786432 0 0 0 0 0 0 0 256 8256 0 0 8192 0 2304 256 0 4096 0 0 0 0 67109376 0 0 0 0 1073741824 0 0 16 0 805306372 8192 0 0 0 0 0 0 0 0 0 0 0 0 0 0 0 0 0 0 0 0 0 0 0 0 0 0 0 0 0 0 0 0 0 0 0 0 0 0 0 0 0 0 0 0 524288 33554432 268435456 0 0 0 4202496 0 16384 8192 1024 130 1056 0 0 16384 0 4096 2 0 256 131072 0 8388608 1048616 0 0 0 0 0 268959744 1024 0 0 1 0 0 0 0 33554432 2097152 2 0 2097168 2 0 0 0 0 2048 0 0 0 0 0 0 0 0 0 0 0 0 0 0 0 0 0 0 0 0 0 0 0 0 0 0 0 0 0 256 0 0 0 0 0 0 0 8 2097154 0 0 0 2 8388608 0 1073741832 2281701384 0 0 0 0 0 0 268435456 0 0 2 0 0 0 0 0 0 1048576 4194304 0 131072 0 0 0 16 100663296 536870912 2147483648 0 131072 2 0 4096 0 256 0 0 0 0 0 0 0 0 0 0 0 0 512 0 0 0 0 0 0 0 0 0 0 0 0 0 0 0 0 8 0 0 0 0 0 0 4096 0 0 0 0 0 33554434 0 268435456 1 0 538968064 2097152 268435456 1 0 0 16 1056 16781312 1644167168 0 0 67108864 0 0 0 65536 131072 0 0 0 0 0 0 16 268435584 32 0 67108864 0 0 0 0 0 0 0 0 0 65536 2048 536870912 0 0 0 536870912 512 0 0 0 0 0 8192 1024 0 0 0 16384 0 2 0 0 8192 0 32768 0 0 0 8192 0 0 0 0 0 0 0 0 0 536870912 0 0 0 0 16 0 2149580800 32768 0 0 0 512 0 0 0 0 0 1 2 0 1048576 0 65536 1024 8 128 0 0 16 0 0 8388608 0 0 0 0 0 0 0 0 0 0 0 0 0 0 33554432 0 0 0 2147483648 0 0 0 512 0 0 0 0 33554432 0 0 0 0 0 0 0 0 0 0 0 0 0 0 0 0 0 0 0 0 0 0 0 0 0 0 0 0 0 0 0 0 0 0 0 0 0 0 0 167772160 128 0 4 130 0 0 0 0 134217728 0 0 0 1081376 0 0 1152 0 0 0 262144 0 65536 0 0 1073741826 512 0 0 0 131072 0 0 4194304 0 8 2097152 1052672 1073745952 0 0 0 0 0 0 0 134217728 128 0 0 0 0 0 0 0 0 0 0 0 0 0 0 0 0 0 0 0 0 0 0 0 0 0 0 0 0 0 0 0 0 0 0 0 0 0 0 0 0 0 0 0 65536 0 0 0 0 0 0 4194304 1610612736 0 134217728 0 144 1056 32 0 1073741888 0 266240 4194336 0 0 131072 0 4456448 67117056 0 0 0 8192 0 2097152 36 0 1024 32768 0 524288 0 0 8388608 0 0 786432 0 0 1048576 0 0 0 0 0 0 0 0 0 0 0 0 0 0 0 0 0 0 0 0 0 0 0 0 0 0 0 0 0 0 0 0 0 0 0 0 0 0 0 0 0 0 0 2147483648 557056 4194304 16 0 0 0 16 0 0 0 0 0 8421376 32 0 1 128 2 33619968 0 0 0 0 128 34603016 0 0 0 8192 0 524288 0 524288 536870912 0 2147483664 1024 0 128 0 131072 2 2170880 16 0 0 0 0 0 0 0 0 0 0 0 0 0 0 0 0 0 0 0 0 0 0 0 0 0 0 0 0 0 0 0 0 0 0 0 0 0 0 0 0 0 0 0 3825213440 0 8 16384 67108864 536870912 2 1048576 32768 131072 0 0 524288 0 0 0 1073741824 0 4096 0 0 0 2048 0 128 67108864 0 2 16384 0 16 65536 0 0 2097152 0 0 0 32768 0 268435456 2097152 128 67633152 536870912 2048 0 0 0 0 0 0 0 0 0 0 0 0 0 0 0 0 0 0 4194304 0 0 0 0 0 0 0 0 0 0 0 0 0 0 0 0 0 0 0 0 0 2097152 0 0 65536 2621440 264 65536 0 0 0 139264 8192 0 0 0 33554434 524288 0 0 64 0 256 128 0 262912 0 0 65536 0 0 0 0 536870912 16 0 0 0 0 0 33555456 0 0 0 0 0 65536 2162688 1 0 0 64 0 0 0 0 0 0 0 0 0 0 0 0 0 0 0 0 0 0 0 0 0 0 0 0 0 0 0 0 0 0 0 0 0 0 0 0 0 0 0 0 0 0 0 12 0 0 2048 2101248 0 0 0 0 2281701376 0 0 524288 8704 0 0 268435456 0 67371008 4194304 0 0 0 0 16 1024 0 0 4 131072 0 256 32 0 67108864 536870912 2147483648 32768 536870912 4096 285212672 0 1048576 0 2155872256 0 0 0 0 0 0 0 0 0 0 0 0 0 0 0 0 0 0 0 0 0 0 0 0 0 0 0 0 0 0 0 0 0 0 0 0 0 0 0 0 0 0 33554432 33554436 0 0 268435456 0 536870914 0 8192 536870912 131072 8192 0 18 32 0 0 1073741824 2048 72 2 32 0 0 2097152 0 0 0 0 0 32 0 0 0 524288 33555584 0 0 0 0 0 268435456 0 0 0 0 0 0 134250496 272
is_linear=0
shrinkage=1


end of trees

feature_importances:
father_encoded=81
prize_zscore=23
jockey_win_rate=18
age_relative=17
rank_last=13
weight_zscore=11
class_grade=7
show_rate_last_3m=7
time_diff_rolling_3=5
field_size=3
rank_rolling_3=3
rank_rolling_5=3
dist=2
weight_horse=2
jockey_lcb95=2
last_3f_rolling_3=1

parameters:
[boosting: gbdt]
[objective: binary]
[metric: binary_logloss]
[tree_learner: serial]
[device_type: cpu]
[data_sample_strategy: bagging]
[data: ]
[valid: ]
[num_iterations: 1]
[learning_rate: 0.0888829]
[num_leaves: 199]
[num_threads: 0]
[seed: 17]
[deterministic: 0]
[force_col_wise: 0]
[force_row_wise: 0]
[histogram_pool_size: -1]
[max_depth: 10]
[min_data_in_leaf: 45]
[min_sum_hessian_in_leaf: 0.001]
[bagging_fraction: 0.950145]
[pos_bagging_fraction: 1]
[neg_bagging_fraction: 1]
[bagging_freq: 0]
[bagging_seed: 26602]
[bagging_by_query: 0]
[feature_fraction: 0.737696]
[feature_fraction_bynode: 1]
[feature_fraction_seed: 18297]
[extra_trees: 0]
[extra_seed: 13015]
[early_stopping_round: 0]
[early_stopping_min_delta: 0]
[first_metric_only: 0]
[max_delta_step: 0]
[lambda_l1: 1.43933e-06]
[lambda_l2: 4.56678e-05]
[linear_lambda: 0]
[min_gain_to_split: 0]
[drop_rate: 0.1]
[max_drop: 50]
[skip_drop: 0.5]
[xgboost_dart_mode: 0]
[uniform_drop: 0]
[drop_seed: 30017]
[top_rate: 0.2]
[other_rate: 0.1]
[min_data_per_group: 100]
[max_cat_threshold: 32]
[cat_l2: 10]
[cat_smooth: 10]
[max_cat_to_onehot: 4]
[top_k: 20]
[monotone_constraints: ]
[monotone_constraints_method: basic]
[monotone_penalty: 0]
[feature_contri: ]
[forcedsplits_filename: ]
[refit_decay_rate: 0.9]
[cegb_tradeoff: 1]
[cegb_penalty_split: 0]
[cegb_penalty_feature_lazy: ]
[cegb_penalty_feature_coupled: ]
[path_smooth: 0]
[interaction_constraints: ]
[verbosity: -1]
[saved_feature_importance_type: 0]
[use_quantized_grad: 0]
[num_grad_quant_bins: 4]
[quant_train_renew_leaf: 0]
[stochastic_rounding: 1]
[linear_tree: 0]
[max_bin: 255]
[max_bin_by_feature: ]
[min_data_in_bin: 3]
[bin_construct_sample_cnt: 200000]
[data_random_seed: 94]
[is_enable_sparse: 1]
[enable_bundle: 1]
[use_missing: 1]
[zero_as_missing: 0]
[feature_pre_filter: 1]
[pre_partition: 0]
[two_round: 0]
[header: 0]
[label_column: ]
[weight_column: ]
[group_column: ]
[ignore_column: ]
[categorical_feature: 0,1,3,4,5,28,33]
[forcedbins_filename: ]
[precise_float_parser: 0]
[parser_config_file: ]
[objective_seed: 20363]
[num_class: 1]
[is_unbalance: 0]
[scale_pos_weight: 12.8488]
[sigmoid: 1]
[boost_from_average: 1]
[reg_sqrt: 0]
[alpha: 0.9]
[fair_c: 1]
[poisson_max_delta_step: 0.7]
[tweedie_variance_power: 1.5]
[lambdarank_truncation_level: 30]
[lambdarank_norm: 1]
[label_gain: ]
[lambdarank_position_bias_regularization: 0]
[eval_at: ]
[multi_error_top_k: 1]
[auc_mu_weights: ]
[num_machines: 1]
[local_listen_port: 12400]
[time_out: 120]
[machine_list_filename: ]
[machines: ]
[gpu_platform_id: -1]
[gpu_device_id: -1]
[gpu_use_dp: 0]
[num_gpu: 1]

end of parameters

pandas_categorical:[]
